0,
0.047581,
0.090635,
0.12959,
0.16484,
0.19673,
0.22559,
0.25171,
0.27534,
0.29672,
0.31606,
0.33356,
0.3494,
0.36373,
0.3767,
0.38843,
0.39905,
0.40866,
0.41735,
0.42522,
0.43233,
0.43877,
0.4446,
0.44987,
0.45464,
0.45896,
0.46286,
0.4664,
0.46959,
0.47249,
0.47511,
0.47748,
0.47962,
0.48156,
0.48331,
0.4849,
0.48634,
0.48764,
0.48881,
0.48988,
0.49084,
0.49171,
0.4925,
0.49322,
0.49386,
0.49445,
0.49497,
0.49545,
0.49589,
0.49628,
0.49663,
0.49695,
0.49724,
0.4975,
0.49774,
0.49796,
0.49815,
0.49833,
0.49849,
0.49863,
0.49876,
0.49888,
0.49899,
0.49908,
0.49917,
0.49925,
0.49932,
0.49938,
0.49944,
0.4995,
0.49954,
0.49959,
0.49963,
0.49966,
0.49969,
0.49972,
0.49975,
0.49977,
0.4998,
0.49981,
0.49983,
0.49985,
0.49986,
0.49988,
0.49989,
0.4999,
0.49991,
0.49992,
0.49992,
0.49993,
0.49994,
0.49994,
0.49995,
0.49995,
0.49996,
0.49996,
0.49997,
0.49997,
0.49997,
0.49997,
0.49998,
0.49998,
0.49998,
0.49998,
0.49998,
0.49999,
0.49999,
0.49999,
0.49999,
0.49999,
0.49999,
0.49999,
0.49999,
0.49999,
0.49999,
0.49999,
0.5,
0.5,
0.5,
0.5,
0.5,
0.5,
0.5,
0.5,
0.5,
0.5,
0.5,
0.5,
