000000000000000000
000000001111101011
000000011101100100
000000101000101001
000000110000101111
000000110110010010
000000111001111011
000000111100001111
000000111101101100
000000111110100101
000000111111001001
000000111111011110
000000111111101011
000000111111110011
000000111111111000
000000111111111011
000000111111111101
000000111111111110
000000111111111110
000000111111111111
000000111111111111
000000111111111111
000000111111111111
000000111111111111
000000111111111111
000000111111111111
000000111111111111
000000111111111111
000000111111111111
000000111111111111
000000111111111111
000000111111111111
000000111111111111
000000111111111111
000000111111111111
000000111111111111
000000111111111111
000000111111111111
000000111111111111
000000111111111111
000000111111111111
000000111111111111
000000111111111111
000000111111111111
000000111111111111
000000111111111111
000000111111111111
000000111111111111
000000111111111111
000000111111111111
000000111111111111
000000111111111111
000000111111111111
000000111111111111
000000111111111111
000000111111111111
000000111111111111
000000111111111111
000000111111111111
000000111111111111
000000111111111111
000000111111111111
000000111111111111
000000111111111111
000000111111111111
000000111111111111
000000111111111111
000000111111111111
000000111111111111
000000111111111111
000000111111111111
000000111111111111
000000111111111111
000000111111111111
000000111111111111
000000111111111111
000000111111111111
000001000000000000
000001000000000000
000001000000000000
000001000000000000
000001000000000000
000001000000000000
000001000000000000
000001000000000000
000001000000000000
000001000000000000
000001000000000000
000001000000000000
000001000000000000
000001000000000000
000001000000000000
000001000000000000
000001000000000000
000001000000000000
000001000000000000
000001000000000000
000001000000000000
000001000000000000
000001000000000000
000001000000000000
000001000000000000
000001000000000000
000001000000000000
000001000000000000
000001000000000000
000001000000000000
000001000000000000
000001000000000000
000001000000000000
000001000000000000
000001000000000000
000001000000000000
000001000000000000
000001000000000000
000001000000000000
000001000000000000
000001000000000000
000001000000000000
000001000000000000
000001000000000000
000001000000000000
000001000000000000
000001000000000000
000001000000000000
000001000000000000
000001000000000000
000001000000000000