000000000000000000
000000000000000000
000000000000000000
000000000000000000
000000000000000000
000000000000000000
000000000000000000
000000000000000000
000000000000000000
000000000000000000
000000000000000000
000000000000000000
000000000000000000
000000000000000000
000000000000000000
000000000000000000
001001100100100101
000100110110101000
001000000000001011
000001011010110011
000100001101111011
001001001010000100
000111111011000000
001001100110000100
000110100011101011
000000010110110110
001000011111011100
001001010101110000
000110110010011000
000111100100111101
000111011011100110
000011111011000001
000110100011100000
000001101101100011
000111000011110111
000000010100010111
000010110001001110
000000011101100011
000000111110001010
001000001111000000
000110111100101100
000011001010111100
001001100000001001
000000010110000010
000100011000110010
000011110100001100
000111101001111011
000111111100111011
000001110111100110
000100111001011100
000100011101001011
000110011101101000
000111000101111111
000111100010111111
000010110000101001
000110110011000000
000110100011010000
000001101000000100
000001001100001010
000100111110111100
001001100110001111
000011011001110110
000101110110100100
000010001111001111
